4294967278,35
4294967278,34
4294967278,33
4294967278,32
4294967278,31
4294967278,30
4294967278,29
4294967278,28
4294967278,27
4294967278,26
4294967278,25
4294967278,24
4294967278,23
4294967278,22
4294967294,186
4294967294,397
4294967294,396
4294967294,408
4294967294,412
4294967294,950
4294967294,406
4294967294,420
4294967294,178
4294967294,912
4294967294,402
4294967294,191
4294967294,168
4294967294,919
4294967294,111
4294967294,456
4294967294,180
4294967294,466
4294967294,113
4294967278,313
4294967278,21
4294967278,20
4294967278,19
4294967278,18
4294967278,17
4294967278,16
4294967278,15
8,4
4294967279,193
4294967278,312
4294967279,304
4294967278,311
4294967278,310
4294967279,303
4294967278,309
4294967279,302
4294967278,308
4294967279,186
4294967279,185
8,5
4294967279,184
8,3
8,2
8,1
4294967278,307
4294967279,183
4294967278,306
4294967278,14
4294967278,13
4294967278,12
4294967278,11
4294967278,10
7,4
4294967278,305
4294967279,301
4294967278,304
4294967279,300
4294967278,303
4294967279,177
4294967279,176
7,5
4294967279,175
7,3
7,2
7,1
4294967278,302
4294967279,173
4294967278,9
4294967278,8
4294967278,7
4294967278,6
4294967278,5
4294967278,4
4294967279,132
4294967279,131
4294967279,130
4294967279,129
4294967279,128
4294967279,127
4294967279,126
4294967279,125
4294967279,124
4294967279,123
4294967279,122
4294967279,121
4294967279,120
4294967279,119
4294967279,118
4294967279,117
4294967279,116
4294967279,115
4294967279,114
4294967279,113
4294967279,112
4294967279,111
4294967279,110
4294967279,109
4294967279,108
4294967279,107
4294967279,172
4294967294,388
4294967278,301
4294967279,299
4294967278,300
4294967279,298
6,4
4294967294,144
4294967294,97
4294967279,297
4294967278,299
4294967279,296
4294967278,298
4294967279,295
4294967279,164
4294967279,163
6,5
4294967279,161
4294967279,162
6,3
6,2
6,1
4294967279,294
4294967294,18
4294967294,127
4294967294,14
4294967294,126
4294967294,20
4294967294,13
4294967294,80
4294967294,75
4294967294,104
4294967294,106
4294967294,169
4294967294,175
4294967294,183
4294967294,174
4294967294,173
5,4
4294967278,121
4294967278,120
4294967278,119
4294967278,118
4294967278,117
4294967278,116
4294967278,114
4294967278,113
4294967278,112
4294967279,106
4294967279,105
4294967279,104
4294967279,103
4294967279,102
4294967279,101
4294967279,160
4294967279,159
4294967279,293
4294967278,297
4294967279,292
4294967279,156
4294967278,296
4294967279,291
4294967278,295
4294967279,290
4294967279,152
4294967279,151
5,5
4294967279,149
4294967279,150
5,3
5,2
5,1
4294967279,289
4294967279,148
4294967279,288
4294967294,39
4,4
4294967279,147
4294967294,468
4294967294,1414
4294967294,1
4294967294,1413
4294967279,146
4294967279,287
4294967278,294
4294967279,286
4294967294,41
4294967279,285
4294967294,5
4294967294,83
4294967294,393
4294967294,392
4294967294,46
4294967294,115
4294967278,293
4294967279,284
4294967294,45
4294967294,423
4294967294,43
4294967294,426
4294967294,44
4294967294,902
4294967278,292
4294967279,283
4294967279,140
4294967279,139
4,5
4294967279,272
4294967279,138
4,2
4,1
4294967279,137
4294967294,8
0,7
4294967294,7
4294967294,6
4294967294,99
4294967294,51
4294967294,107
4294967294,53
4294967279,136
4294967294,91
4294967294,90
4294967294,87
4294967294,86
4294967294,84
4294967294,418
4294967294,921
4294967279,282
4294967279,260
4294967279,0
4294967278,291
4294967294,946
4294967294,469
4294967294,11
4294967278,132
4294967278,131
4294967278,130
4294967278,129
4294967278,128
4294967278,127
4294967278,126
4294967278,125
4294967278,124
4294967278,123
4294967278,122
4294967278,115
4294967279,100
4294967279,99
4294967279,98
4294967279,97
4294967279,96
4294967279,95
4294967279,94
4294967279,93
4294967279,92
4294967279,91
4294967279,90
4294967279,89
4294967279,87
4294967279,86
